10.0	4.0
10.2	2.0
10.4	0.0
10.6	0.0
10.8	2.0
11.0	2.0
11.2	2.0
11.4	0.0
11.6	2.0
11.8	4.0
12.0	4.0
12.2	0.0
12.4	0.0
12.6	0.0
12.8	8.0
13.0	0.0
13.2	2.0
13.4	2.0
13.6	2.0
13.8	0.0
14.0	0.0
14.2	2.0
14.4	4.0
14.6	2.0
14.8	0.0
15.0	0.0
15.2	2.0
15.4	4.0
15.6	0.0
15.8	2.0
16.0	0.0
16.2	8.0
16.4	0.0
16.6	4.0
16.8	2.0
17.0	6.0
17.2	0.0
17.4	0.0
17.6	6.0
17.8	2.0
18.0	8.0
18.2	0.0
18.4	2.0
18.6	8.0
18.8	4.0
19.0	4.0
19.2	10.0
19.4	2.0
19.6	0.0
19.8	8.0
20.0	4.0
20.2	2.0
20.4	2.0
20.6	2.0
20.8	2.0
21.0	2.0
21.2	0.0
21.4	4.0
21.6	6.0
21.8	12.0
22.0	4.0
22.2	2.0
22.4	0.0
22.6	2.0
22.8	4.0
23.0	6.0
23.2	4.0
23.4	6.0
23.6	8.0
23.8	4.0
24.0	2.0
24.2	0.0
24.4	10.0
24.6	4.0
24.8	8.0
25.0	6.0
25.2	24.0
25.4	22.0
25.6	66.0
25.8	40.0
26.0	94.0
26.2	94.0
26.4	86.0
26.6	100.0
26.8	110.0
27.0	122.0
27.2	104.0
27.4	86.0
27.6	112.0
27.8	130.0
28.0	150.0
28.2	132.0
28.4	136.0
28.6	106.0
28.8	78.0
29.0	66.0
29.2	58.0
29.4	46.0
29.6	18.0
29.8	8.0
30.0	12.0
30.2	4.0
30.4	6.0
30.6	2.0
30.8	2.0
31.0	6.0
31.2	12.0
31.4	2.0
31.6	2.0
31.8	6.0
32.0	4.0
32.2	6.0
32.4	0.0
32.6	2.0
32.8	2.0
33.0	2.0
33.2	0.0
33.4	2.0
33.6	4.0
33.8	2.0
34.0	6.0
34.2	4.0
34.4	0.0
34.6	4.0
34.8	8.0
35.0	4.0
35.2	4.0
35.4	6.0
35.6	4.0
35.8	12.0
36.0	8.0
36.2	10.0
36.4	0.0
36.6	4.0
36.8	6.0
37.0	4.0
37.2	2.0
37.4	4.0
37.6	0.0
37.8	0.0
38.0	14.0
38.2	2.0
38.4	0.0
38.6	8.0
38.8	8.0
39.0	2.0
39.2	4.0
39.4	4.0
39.6	4.0
39.8	6.0
40.0	4.0
40.2	4.0
40.4	2.0
40.6	4.0
40.8	2.0
41.0	6.0
41.2	2.0
41.4	0.0
41.6	8.0
41.8	8.0
42.0	10.0
42.2	4.0
42.4	4.0
42.6	4.0
42.8	4.0
43.0	8.0
43.2	6.0
43.4	12.0
43.6	0.0
43.8	2.0
44.0	10.0
44.2	4.0
44.4	6.0
44.6	4.0
44.8	10.0
45.0	4.0
45.2	4.0
45.4	4.0
45.6	4.0
45.8	0.0
46.0	2.0
46.2	2.0
46.4	4.0
46.6	6.0
46.8	4.0
47.0	4.0
47.2	4.0
47.4	8.0
47.6	4.0
47.8	6.0
48.0	4.0
48.2	4.0
48.4	0.0
48.6	2.0
48.8	0.0
49.0	12.0
49.2	4.0
49.4	4.0
49.6	4.0
49.8	4.0
50.0	0.0
