10.0	2.0
10.4	4.0
10.8	6.0
11.2	8.0
11.6	6.0
12.0	6.0
12.4	10.0
12.8	6.0
13.2	4.0
13.6	2.0
14.0	6.0
14.4	8.0
14.8	4.0
15.2	0.0
15.6	2.0
16.0	4.0
16.4	4.0
16.7	4.0
17.2	28.0
17.6	50.0
18.0	72.0
18.4	54.0
18.8	46.0
19.2	76.0
19.6	78.0
20.0	104.0
20.4	98.0
20.8	86.0
21.2	90.0
21.6	116.0
22.0	98.0
22.4	138.0
22.8	112.0
23.2	118.0
23.6	154.0
24.0	136.0
24.4	120.0
24.7	178.0
25.2	178.0
25.6	160.0
26.0	106.0
26.4	98.0
26.8	132.0
27.2	118.0
27.6	96.0
28.0	86.0
28.4	104.0
28.8	122.0
29.2	100.0
29.6	114.0
30.0	96.0
30.4	110.0
30.8	88.0
31.2	138.0
31.6	88.0
32.0	86.0
32.4	94.0
32.8	108.0
33.2	104.0
33.6	92.0
34.0	78.0
34.4	74.0
34.8	76.0
35.2	76.0
35.5	92.0
36.0	112.0
36.4	100.0
36.8	92.0
37.2	90.0
37.5	100.0
38.0	76.0
38.4	70.0
38.8	110.0
39.2	206.0
39.5	868.0
40.0	578.0
40.4	120.0
40.8	114.0
41.2	92.0
41.5	92.0
42.0	98.0
42.4	114.0
42.8	84.0
43.2	114.0
43.6	194.0
44.0	2488.0
44.4	3260.0
44.8	418.0
45.2	74.0
45.5	88.0
46.0	56.0
46.4	58.0
46.8	62.0
47.2	48.0
47.6	50.0
48.0	56.0
48.4	48.0
48.8	38.0
49.2	38.0
49.5	30.0
50.0	32.0
50.4	40.0
50.8	36.0
51.2	36.0
51.6	32.0
52.0	28.0
52.4	28.0
52.8	20.0
53.2	40.0
53.6	12.0
54.0	14.0
54.4	20.0
54.8	24.0
55.2	10.0
55.6	18.0
56.0	16.0
56.4	18.0
56.8	10.0
57.2	22.0
57.6	16.0
58.0	20.0
58.4	24.0
58.8	16.0
59.2	28.0
59.6	8.0
60.0	16.0
