10.0	1.0
10.4	1.0
10.8	2.0
11.2	2.0
11.6	0.0
12.0	2.0
12.4	4.0
12.8	0.0
13.2	2.0
13.6	2.0
14.0	1.0
14.4	0.0
14.8	3.0
15.2	2.0
15.6	0.0
16.0	1.0
16.4	1.0
16.7	2.0
17.2	0.0
17.6	0.0
18.0	3.0
18.4	1.0
18.8	2.0
19.2	0.0
19.6	2.0
20.0	1.0
20.4	3.0
20.8	2.0
21.2	1.0
21.6	0.0
22.0	3.0
22.4	0.0
22.8	4.0
23.2	1.0
23.6	2.0
24.0	1.0
24.4	2.0
24.7	11.0
25.2	18.0
25.6	18.0
26.0	21.0
26.4	23.0
26.8	28.0
27.2	20.0
27.6	32.0
28.0	37.0
28.4	29.0
28.8	42.0
29.2	44.0
29.6	45.0
30.0	47.0
30.4	44.0
30.8	42.0
31.2	38.0
31.6	47.0
32.0	41.0
32.4	42.0
32.8	48.0
33.2	50.0
33.6	55.0
34.0	35.0
34.4	50.0
34.8	46.0
35.2	68.0
35.5	48.0
36.0	44.0
36.4	36.0
36.8	46.0
37.2	44.0
37.5	43.0
38.0	42.0
38.4	37.0
38.8	47.0
39.2	87.0
39.5	255.0
40.0	147.0
40.4	50.0
40.8	51.0
41.2	44.0
41.5	36.0
42.0	48.0
42.4	47.0
42.8	45.0
43.2	40.0
43.6	74.0
44.0	890.0
44.4	1046.0
44.8	110.0
45.2	28.0
45.5	25.0
46.0	24.0
46.4	15.0
46.8	14.0
47.2	22.0
47.6	28.0
48.0	23.0
48.4	20.0
48.8	23.0
49.2	11.0
49.5	7.0
50.0	14.0
50.4	14.0
50.8	13.0
51.2	12.0
51.6	12.0
52.0	10.0
52.4	9.0
52.8	7.0
53.2	9.0
53.6	5.0
54.0	11.0
54.4	7.0
54.8	10.0
55.2	14.0
55.6	8.0
