10.0	0.0
10.4	3.0
10.8	0.0
11.2	0.0
11.6	0.0
12.0	0.0
12.4	0.0
12.8	0.0
13.2	2.0
13.6	1.0
14.0	3.0
14.4	0.0
14.8	1.0
15.2	2.0
15.6	1.0
16.0	1.0
16.4	1.0
16.7	1.0
17.2	1.0
17.6	1.0
18.0	0.0
18.4	3.0
18.8	1.0
19.2	1.0
19.6	0.0
20.0	0.0
20.4	1.0
20.8	0.0
21.2	3.0
21.6	1.0
22.0	0.0
22.4	1.0
22.8	1.0
23.2	3.0
23.6	2.0
24.0	1.0
24.4	2.0
24.7	6.0
25.2	13.0
25.6	15.0
26.0	24.0
26.4	22.0
26.8	0.0
27.2	29.0
27.6	34.0
28.0	38.0
28.4	35.0
28.8	44.0
29.2	40.0
29.6	50.0
30.0	38.0
