10.0	1.0
10.4	2.0
10.8	0.0
11.2	1.0
11.6	3.0
12.0	2.0
12.4	1.0
12.8	1.0
13.2	0.0
13.6	1.0
14.0	1.0
14.4	2.0
14.8	5.0
15.2	0.0
15.6	4.0
16.0	4.0
16.4	0.0
16.7	2.0
17.2	1.0
17.6	1.0
18.0	1.0
18.4	0.0
18.8	2.0
19.2	4.0
19.6	3.0
20.0	2.0
20.4	1.0
20.8	3.0
21.2	1.0
21.6	9.0
22.0	21.0
22.4	26.0
22.8	34.0
23.2	42.0
23.6	49.0
24.0	59.0
24.4	62.0
24.7	63.0
25.2	63.0
25.6	56.0
26.0	57.0
26.4	48.0
26.8	63.0
27.2	80.0
27.6	58.0
28.0	66.0
28.4	71.0
28.8	63.0
29.2	60.0
29.6	77.0
30.0	80.0
30.4	64.0
30.8	75.0
31.2	62.0
31.6	66.0
32.0	48.0
32.4	55.0
32.8	71.0
33.2	57.0
33.6	64.0
34.0	76.0
34.4	56.0
34.8	53.0
35.2	68.0
35.5	56.0
36.0	63.0
36.4	62.0
36.8	73.0
37.2	56.0
37.5	67.0
38.0	58.0
38.4	41.0
38.8	67.0
39.2	127.0
39.5	458.0
40.0	250.0
40.4	74.0
40.8	59.0
41.2	55.0
41.5	64.0
42.0	52.0
42.4	76.0
42.8	51.0
43.2	61.0
43.6	83.0
44.0	1372.0
44.4	1706.0
44.8	192.0
45.2	42.0
45.5	38.0
46.0	35.0
46.4	35.0
46.8	37.0
47.2	30.0
47.6	29.0
48.0	32.0
48.4	21.0
48.8	39.0
49.2	28.0
49.5	25.0
50.0	19.0
50.4	21.0
50.8	25.0
51.2	20.0
51.6	19.0
52.0	12.0
52.4	16.0
52.8	11.0
53.2	9.0
53.6	15.0
54.0	13.0
54.4	17.0
54.8	14.0
55.2	15.0
55.6	10.0
56.0	11.0
56.4	7.0
56.8	10.0
57.2	9.0
57.6	2.0
58.0	11.0
58.4	12.0
58.8	4.0
59.2	5.0
59.6	9.0
60.0	8.0
