10.0	2.0
10.4	2.0
10.8	0.0
11.2	4.0
11.6	1.0
12.0	1.0
12.4	4.0
12.8	2.0
13.2	4.0
13.6	1.0
14.0	1.0
14.4	1.0
14.8	2.0
15.2	0.0
15.6	2.0
16.0	1.0
16.4	1.0
16.7	1.0
17.2	4.0
17.6	3.0
18.0	3.0
18.4	2.0
18.8	2.0
19.2	0.0
19.6	2.0
20.0	2.0
20.4	2.0
20.8	1.0
21.2	2.0
21.6	11.0
22.0	21.0
22.4	34.0
22.8	34.0
23.2	37.0
23.6	40.0
24.0	47.0
24.4	56.0
24.7	52.0
25.2	67.0
25.6	56.0
26.0	63.0
26.4	55.0
26.8	61.0
27.2	56.0
27.6	54.0
28.0	57.0
28.4	70.0
28.8	65.0
29.2	68.0
29.6	70.0
30.0	70.0
