10.0	2.0
10.4	5.0
10.8	1.0
11.2	3.0
11.6	3.0
12.0	5.0
12.4	3.0
12.8	3.0
13.2	6.0
13.6	4.0
14.0	4.0
14.4	3.0
14.8	4.0
15.2	1.0
15.6	5.0
16.0	2.0
16.4	5.0
16.7	5.0
17.2	2.0
17.6	5.0
18.0	4.0
18.4	3.0
18.8	3.0
19.2	13.0
19.6	32.0
20.0	34.0
20.4	41.0
20.8	53.0
21.2	62.0
21.6	85.0
22.0	72.0
22.4	79.0
22.8	74.0
23.2	93.0
23.6	96.0
24.0	106.0
24.4	76.0
24.7	105.0
25.2	114.0
25.6	95.0
26.0	68.0
26.4	84.0
26.8	87.0
27.2	73.0
27.6	81.0
28.0	94.0
28.4	90.0
28.8	95.0
29.2	78.0
29.6	106.0
30.0	102.0
30.4	108.0
30.8	95.0
31.2	79.0
31.6	96.0
32.0	103.0
32.4	84.0
32.8	59.0
33.2	81.0
33.6	87.0
34.0	81.0
34.4	85.0
34.8	67.0
35.2	67.0
35.5	84.0
36.0	81.0
36.4	89.0
36.8	70.0
37.2	65.0
37.5	76.0
38.0	70.0
38.4	76.0
38.8	72.0
39.2	164.0
39.5	668.0
40.0	401.0
40.4	85.0
40.8	77.0
41.2	64.0
41.5	74.0
42.0	81.0
42.4	76.0
42.8	56.0
43.2	66.0
43.6	148.0
44.0	1910.0
44.4	2523.0
44.8	302.0
45.2	68.0
45.5	53.0
46.0	62.0
46.4	39.0
46.8	39.0
47.2	56.0
47.6	39.0
48.0	39.0
48.4	32.0
48.8	30.0
49.2	33.0
49.5	43.0
50.0	41.0
50.4	26.0
50.8	32.0
51.2	28.0
51.6	25.0
52.0	26.0
52.4	23.0
52.8	21.0
53.2	18.0
53.6	15.0
54.0	17.0
54.4	14.0
54.8	14.0
55.2	10.0
55.6	11.0
56.0	13.0
56.4	13.0
56.8	20.0
57.2	12.0
57.6	7.0
58.0	10.0
58.4	9.0
58.8	16.0
59.2	14.0
59.6	9.0
60.0	13.0
