10.0	2.0
10.2	3.0
10.4	3.0
10.6	5.0
10.8	2.0
11.0	1.0
11.2	2.0
11.4	2.0
11.6	4.0
11.8	3.0
12.0	2.0
12.2	3.0
12.4	1.0
12.6	2.0
12.8	1.0
13.0	0.0
13.2	2.0
13.4	4.0
13.6	1.0
13.8	0.0
14.0	0.0
14.2	2.0
14.4	1.0
14.6	1.0
14.8	1.0
15.0	0.0
15.2	1.0
15.4	2.0
15.6	5.0
15.8	3.0
16.0	1.0
16.2	4.0
16.4	3.0
16.6	1.0
16.8	4.0
17.0	2.0
17.2	3.0
17.4	3.0
17.6	3.0
17.8	2.0
18.0	3.0
18.2	5.0
18.4	1.0
18.6	3.0
18.8	2.0
19.0	1.0
19.2	1.0
19.4	4.0
19.6	3.0
19.8	3.0
20.0	2.0
20.2	5.0
20.4	1.0
20.6	4.0
20.8	2.0
21.0	6.0
21.2	3.0
21.4	3.0
21.6	3.0
21.8	6.0
22.0	5.0
22.2	5.0
22.4	5.0
22.6	2.0
22.8	5.0
23.0	2.0
23.2	5.0
23.4	6.0
23.6	5.0
23.8	7.0
24.0	5.0
24.2	8.0
24.4	5.0
24.6	6.0
24.8	5.0
25.0	7.0
25.2	16.0
25.4	31.0
25.6	58.0
25.8	57.0
26.0	61.0
26.2	69.0
26.4	86.0
26.6	111.0
26.8	105.0
27.0	106.0
27.2	116.0
27.4	115.0
27.6	116.0
27.8	94.0
28.0	110.0
28.2	110.0
28.4	101.0
28.6	122.0
28.8	102.0
29.0	83.0
29.2	66.0
29.4	35.0
29.6	20.0
29.8	5.0
30.0	4.0
30.2	11.0
30.4	5.0
30.6	9.0
30.8	5.0
31.0	3.0
31.2	4.0
31.4	4.0
31.6	4.0
31.8	3.0
32.0	3.0
32.2	3.0
32.4	5.0
32.6	10.0
32.8	4.0
33.0	6.0
33.2	7.0
33.4	8.0
33.6	4.0
33.8	5.0
34.0	2.0
34.2	2.0
34.4	6.0
34.6	6.0
34.8	6.0
35.0	2.0
35.2	4.0
35.4	6.0
35.6	7.0
35.8	4.0
36.0	2.0
36.2	6.0
36.4	3.0
36.6	1.0
36.8	2.0
37.0	2.0
37.2	5.0
37.4	3.0
37.6	6.0
37.8	4.0
38.0	8.0
38.2	4.0
38.4	10.0
38.6	5.0
38.8	5.0
39.0	6.0
39.2	3.0
39.4	2.0
39.6	4.0
39.8	3.0
40.0	2.0
40.2	3.0
40.4	8.0
40.6	3.0
40.8	5.0
41.0	5.0
41.2	7.0
41.4	1.0
41.6	6.0
41.8	4.0
42.0	6.0
42.2	4.0
42.4	4.0
42.6	6.0
42.8	3.0
43.0	2.0
43.2	7.0
43.4	4.0
43.6	4.0
43.8	5.0
44.0	4.0
44.2	3.0
44.4	6.0
44.6	5.0
44.8	5.0
45.0	6.0
45.2	6.0
45.4	3.0
45.6	3.0
45.8	5.0
46.0	8.0
46.2	1.0
46.4	3.0
46.6	4.0
46.8	5.0
47.0	3.0
47.2	6.0
47.4	6.0
47.6	2.0
47.8	6.0
48.0	4.0
48.2	2.0
48.4	5.0
48.6	5.0
48.8	4.0
49.0	2.0
49.2	1.0
49.4	5.0
49.6	5.0
49.8	1.0
50.0	3.0
