10.0	3.0
10.4	5.0
10.8	5.0
11.2	2.0
11.6	5.0
12.0	1.0
12.4	2.0
12.8	4.0
13.2	10.0
13.6	3.0
14.0	8.0
14.4	4.0
14.8	1.0
15.2	5.0
15.6	8.0
16.0	5.0
16.4	8.0
16.7	11.0
17.2	28.0
17.6	36.0
18.0	37.0
18.4	59.0
18.8	70.0
19.2	74.0
19.6	74.0
20.0	93.0
20.4	100.0
20.8	91.0
21.2	103.0
21.6	115.0
22.0	123.0
22.4	118.0
22.8	118.0
23.2	136.0
23.6	135.0
24.0	141.0
24.4	143.0
24.7	136.0
25.2	158.0
25.6	147.0
26.0	113.0
26.4	101.0
26.8	95.0
27.2	136.0
27.6	116.0
28.0	128.0
28.4	122.0
28.8	118.0
29.2	124.0
29.6	109.0
30.0	121.0
30.4	112.0
30.8	104.0
31.2	104.0
31.6	130.0
32.0	121.0
32.4	96.0
32.8	105.0
33.2	85.0
33.6	107.0
34.0	94.0
34.4	77.0
34.8	71.0
35.2	87.0
35.5	86.0
36.0	85.0
36.4	115.0
36.8	93.0
37.2	76.0
37.5	81.0
38.0	77.0
38.4	72.0
38.8	85.0
39.2	200.0
39.5	852.0
40.0	565.0
40.4	141.0
40.8	78.0
41.2	90.0
41.5	79.0
42.0	103.0
42.4	115.0
42.8	82.0
43.2	89.0
43.6	149.0
44.0	2432.0
44.4	3379.0
44.8	459.0
45.2	97.0
45.5	69.0
46.0	53.0
46.4	66.0
46.8	39.0
47.2	44.0
47.6	63.0
48.0	44.0
48.4	39.0
48.8	46.0
49.2	30.0
49.5	34.0
50.0	43.0
50.4	35.0
50.8	35.0
51.2	31.0
51.6	33.0
52.0	32.0
52.4	29.0
52.8	22.0
53.2	31.0
53.6	18.0
54.0	23.0
54.4	21.0
54.8	29.0
55.2	23.0
55.6	24.0
56.0	23.0
56.4	11.0
56.8	9.0
57.2	16.0
57.6	17.0
58.0	22.0
58.4	11.0
58.8	16.0
59.2	6.0
59.6	5.0
60.0	9.0
