10.0	3.0
10.4	3.0
10.8	6.0
11.2	6.0
11.6	4.0
12.0	10.0
12.4	4.0
12.8	7.0
13.2	7.0
13.6	8.0
14.0	5.0
14.4	7.0
14.8	12.0
15.2	16.0
15.6	29.0
16.0	39.0
16.4	41.0
16.7	73.0
17.2	75.0
17.6	106.0
18.0	102.0
18.4	104.0
18.8	108.0
19.2	115.0
19.6	140.0
20.0	125.0
20.4	163.0
20.8	172.0
21.2	148.0
21.6	147.0
22.0	155.0
22.4	163.0
22.8	175.0
23.2	187.0
23.6	179.0
24.0	153.0
24.4	188.0
24.7	170.0
25.2	172.0
25.6	148.0
26.0	139.0
26.4	151.0
26.8	123.0
27.2	152.0
27.6	141.0
28.0	143.0
28.4	141.0
28.8	140.0
29.2	151.0
29.6	142.0
30.0	143.0
30.4	123.0
30.8	126.0
31.2	117.0
31.6	129.0
32.0	124.0
32.4	122.0
32.8	112.0
33.2	105.0
33.6	106.0
34.0	118.0
34.4	97.0
34.8	104.0
35.2	117.0
35.5	122.0
36.0	104.0
36.4	113.0
36.8	120.0
37.2	98.0
37.5	100.0
38.0	105.0
38.4	107.0
38.8	104.0
39.2	306.0
39.5	1058.0
40.0	720.0
40.4	152.0
40.8	132.0
41.2	95.0
41.5	106.0
42.0	129.0
42.4	120.0
42.8	119.0
43.2	97.0
43.6	226.0
44.0	3186.0
44.4	4073.0
44.8	590.0
45.2	99.0
45.5	78.0
46.0	73.0
46.4	67.0
46.8	71.0
47.2	67.0
47.6	65.0
48.0	53.0
48.4	60.0
48.8	40.0
49.2	42.0
49.5	43.0
50.0	44.0
50.4	41.0
50.8	47.0
51.2	37.0
51.6	34.0
52.0	32.0
52.4	31.0
52.8	36.0
53.2	31.0
53.6	18.0
54.0	38.0
54.4	27.0
54.8	28.0
55.2	22.0
55.6	16.0
56.0	31.0
56.4	14.0
56.8	22.0
57.2	26.0
57.6	17.0
58.0	21.0
58.4	13.0
58.8	18.0
59.2	12.0
59.6	16.0
60.0	15.0
