10.0	2.0
10.2	2.0
10.4	2.0
10.6	1.0
10.8	1.0
11.0	2.0
11.2	3.0
11.4	2.0
11.6	0.0
11.8	1.0
12.0	1.0
12.2	1.0
12.4	1.0
12.6	1.0
12.8	4.0
13.0	2.0
13.2	2.0
13.4	1.0
13.6	2.0
13.8	3.0
14.0	1.0
14.2	3.0
14.4	3.0
14.6	0.0
14.8	2.0
15.0	2.0
15.2	2.0
15.4	3.0
15.6	1.0
15.8	1.0
16.0	3.0
16.2	2.0
16.4	1.0
16.6	1.0
16.8	2.0
17.0	1.0
17.2	2.0
17.4	2.0
17.6	4.0
17.8	4.0
18.0	3.0
18.2	5.0
18.4	3.0
18.6	5.0
18.8	2.0
19.0	2.0
19.2	3.0
19.4	1.0
19.6	3.0
19.8	2.0
20.0	2.0
20.2	3.0
20.4	3.0
20.6	5.0
20.8	4.0
21.0	3.0
21.2	3.0
21.4	2.0
21.6	4.0
21.8	2.0
22.0	4.0
22.2	4.0
22.4	6.0
22.6	5.0
22.8	5.0
23.0	4.0
23.2	5.0
23.4	4.0
23.6	7.0
23.8	4.0
24.0	6.0
24.2	3.0
24.4	7.0
24.6	7.0
24.8	11.0
25.0	9.0
25.2	15.0
25.4	30.0
25.6	46.0
25.8	67.0
26.0	77.0
26.2	87.0
26.4	95.0
26.6	114.0
26.8	120.0
27.0	107.0
27.2	112.0
27.4	107.0
27.6	117.0
27.8	104.0
28.0	115.0
28.2	117.0
28.4	118.0
28.6	100.0
28.8	114.0
29.0	77.0
29.2	55.0
29.4	31.0
29.6	25.0
29.8	9.0
30.0	9.0
30.2	5.0
30.4	6.0
30.6	6.0
30.8	5.0
31.0	7.0
31.2	4.0
31.4	5.0
31.6	4.0
31.8	4.0
32.0	4.0
32.2	5.0
32.4	4.0
32.6	4.0
32.8	6.0
33.0	5.0
33.2	3.0
33.4	4.0
33.6	6.0
33.8	6.0
34.0	3.0
34.2	6.0
34.4	2.0
34.6	3.0
34.8	2.0
35.0	5.0
35.2	2.0
35.4	7.0
35.6	5.0
35.8	3.0
36.0	3.0
36.2	5.0
36.4	4.0
36.6	4.0
36.8	5.0
37.0	5.0
37.2	6.0
37.4	2.0
37.6	4.0
37.8	7.0
38.0	2.0
38.2	4.0
38.4	5.0
38.6	3.0
38.8	5.0
39.0	7.0
39.2	6.0
39.4	4.0
39.6	6.0
39.8	2.0
40.0	3.0
40.2	4.0
40.4	4.0
40.6	1.0
40.8	3.0
41.0	6.0
41.2	6.0
41.4	3.0
41.6	4.0
41.8	3.0
42.0	6.0
42.2	5.0
42.4	6.0
42.6	5.0
42.8	2.0
43.0	6.0
43.2	4.0
43.4	2.0
43.6	3.0
43.8	3.0
44.0	7.0
44.2	6.0
44.4	4.0
44.6	2.0
44.8	4.0
45.0	5.0
45.2	5.0
45.4	5.0
45.6	2.0
45.8	3.0
46.0	3.0
46.2	4.0
46.4	5.0
46.6	2.0
46.8	3.0
47.0	4.0
47.2	4.0
47.4	2.0
47.6	1.0
47.8	4.0
48.0	2.0
48.2	3.0
48.4	3.0
48.6	2.0
48.8	2.0
49.0	2.0
49.2	2.0
49.4	2.0
49.6	2.0
49.8	4.0
50.0	4.0
