10.0	4.0
10.4	5.0
10.8	4.0
11.2	4.0
11.6	2.0
12.0	1.0
12.4	5.0
12.8	3.0
13.2	0.0
13.6	5.0
14.0	5.0
14.4	6.0
14.8	5.0
15.2	4.0
15.6	4.0
16.0	6.0
16.4	5.0
16.7	9.0
17.2	22.0
17.6	29.0
18.0	49.0
18.4	48.0
18.8	56.0
19.2	70.0
19.6	81.0
20.0	83.0
20.4	102.0
20.8	118.0
21.2	117.0
21.6	103.0
22.0	115.0
22.4	125.0
22.8	116.0
23.2	134.0
23.6	137.0
24.0	131.0
24.4	141.0
24.7	131.0
25.2	158.0
25.6	136.0
26.0	101.0
26.4	114.0
26.8	113.0
27.2	114.0
27.6	112.0
28.0	127.0
28.4	121.0
28.8	121.0
29.2	119.0
29.6	99.0
30.0	114.0
30.4	110.0
30.8	108.0
31.2	112.0
31.6	98.0
32.0	83.0
32.4	106.0
32.8	94.0
33.2	97.0
33.6	85.0
34.0	92.0
34.4	89.0
34.8	93.0
35.2	102.0
35.5	81.0
36.0	90.0
36.4	93.0
36.8	93.0
37.2	92.0
37.5	69.0
38.0	96.0
38.4	85.0
38.8	80.0
39.2	218.0
39.5	834.0
40.0	572.0
40.4	122.0
40.8	104.0
41.2	88.0
41.5	93.0
42.0	100.0
42.4	98.0
42.8	89.0
43.2	98.0
43.6	162.0
44.0	2502.0
44.4	3323.0
44.8	440.0
45.2	85.0
45.5	67.0
46.0	62.0
46.4	66.0
46.8	62.0
47.2	52.0
47.6	63.0
48.0	46.0
48.4	43.0
48.8	35.0
49.2	34.0
49.5	41.0
50.0	37.0
50.4	29.0
50.8	31.0
51.2	34.0
51.6	28.0
52.0	29.0
52.4	31.0
52.8	34.0
53.2	25.0
53.6	23.0
54.0	21.0
54.4	20.0
54.8	22.0
55.2	18.0
55.6	18.0
56.0	23.0
56.4	13.0
56.8	19.0
57.2	11.0
