10.0	2.0
10.2	2.0
10.4	2.0
10.6	2.0
10.8	0.0
11.0	1.0
11.2	1.0
11.4	1.0
11.6	1.0
11.8	2.0
12.0	3.0
12.2	2.0
12.4	2.0
12.6	1.0
12.8	2.0
13.0	2.0
13.2	1.0
13.4	2.0
13.6	0.0
13.8	2.0
14.0	3.0
14.2	1.0
14.4	3.0
14.6	2.0
14.8	2.0
15.0	2.0
15.2	2.0
15.4	1.0
15.6	3.0
15.8	3.0
16.0	2.0
16.2	3.0
16.4	2.0
16.6	1.0
16.8	1.0
17.0	2.0
17.2	3.0
17.4	3.0
17.6	2.0
17.8	1.0
18.0	3.0
18.2	3.0
18.4	4.0
18.6	3.0
18.8	2.0
19.0	2.0
19.2	2.0
19.4	2.0
19.6	2.0
19.8	3.0
20.0	2.0
20.2	2.0
20.4	4.0
20.6	3.0
20.8	4.0
21.0	3.0
21.2	4.0
21.4	2.0
21.6	4.0
21.8	6.0
22.0	4.0
22.2	5.0
22.4	5.0
22.6	3.0
22.8	4.0
23.0	4.0
23.2	5.0
23.4	4.0
23.6	6.0
23.8	4.0
24.0	4.0
24.2	4.0
24.4	4.0
24.6	6.0
24.8	6.0
25.0	6.0
25.2	21.0
25.4	27.0
25.6	50.0
25.8	66.0
26.0	78.0
26.2	91.0
26.4	96.0
26.6	93.0
26.8	107.0
27.0	115.0
27.2	113.0
27.4	124.0
27.6	110.0
27.8	111.0
28.0	109.0
28.2	114.0
28.4	114.0
28.6	109.0
28.8	93.0
29.0	76.0
29.2	66.0
29.4	32.0
29.6	17.0
29.8	10.0
30.0	5.0
30.2	5.0
30.4	5.0
30.6	6.0
30.8	6.0
31.0	5.0
31.2	4.0
31.4	4.0
31.6	4.0
31.8	3.0
32.0	5.0
32.2	6.0
32.4	2.0
32.6	5.0
32.8	3.0
33.0	3.0
33.2	4.0
33.4	4.0
33.6	5.0
33.8	4.0
34.0	4.0
34.2	4.0
34.4	3.0
34.6	3.0
34.8	2.0
35.0	3.0
35.2	4.0
35.4	4.0
35.6	3.0
35.8	5.0
36.0	4.0
36.2	4.0
36.4	4.0
36.6	5.0
36.8	4.0
37.0	4.0
37.2	3.0
37.4	4.0
37.6	3.0
37.8	7.0
38.0	6.0
38.2	6.0
38.4	4.0
38.6	4.0
38.8	4.0
39.0	5.0
39.2	5.0
39.4	5.0
39.6	4.0
39.8	4.0
40.0	4.0
40.2	4.0
40.4	4.0
40.6	5.0
40.8	5.0
41.0	4.0
41.2	4.0
41.4	6.0
41.6	5.0
41.8	2.0
42.0	5.0
42.2	4.0
42.4	4.0
42.6	5.0
42.8	5.0
43.0	4.0
43.2	5.0
43.4	4.0
43.6	5.0
43.8	4.0
44.0	4.0
44.2	4.0
44.4	3.0
44.6	6.0
44.8	4.0
45.0	5.0
45.2	6.0
45.4	3.0
45.6	5.0
45.8	4.0
46.0	5.0
