h_A = [15.7, 15.1, 21.4, 6.5, 6.8, 9.1, 9.4, 10.8, 11.2, 12, 13.4, 18]
V_A = [62, 100, 180, 50, 48, 60, 68, 102, 62, 58, 80, 98]
t_A = [24, 35, 54, 31, 33, 37, 42, 49, 31, 22, 30, 28]

h_B = [2.4, 2.9, 3.2, 4, 4.5, 5.2, 6.9, 7.1, 7.8, 8.3, 8.8, 10, 19.2, 20.3, 21.5, 24, 25]
h_critical = [19.2, 20.3, 21.5, 24, 25]
V_B = [38, 50, 62, 78, 98, 64, 70, 80, 94, 64, 92, 86, 172, 228, 238, 242, 244, 238]
t_B = [33, 30, 35, 31, 35, 21, 18, 21, 23, 17, 19,16, 23, 25, 26, 26, 26, 24]

h_C = [2.4, 2.6, 2.8, 3.2, 3.5, 3.7, 3.8, 4.1, 4.6, 5.1, 5.9, 5.5, 8, 9, 9.3, 7.7, 10.6, 17.2, 17.9, 18.5, 20.2, 21.7]
h_critical = [8, 9, 9.3, 7.7, 10.6]
V_C = [46, 46, 64, 80, 76, 80, 82, 82, 82, 100, 84, 70, 80, 82, 100, 96, 88, 100, 86, 84, 62, 86]
t_C = [21, 19, 29, 28, 26, 24, 23, 20, 23, 22, 16, 14, 13, 13, 17, 14, 12, 11, 10, 9,10]