-3508,799896	0,406504	-2638,049922	29,561621	
-3502,349896	0,303808	-2631,599922	29,453725	
-3495,899897	0,363714	-2625,149922	29,647539	
-3489,449897	0,320924	-2618,699923	29,913282	
-3482,999897	0,385109	-2612,249923	30,258952	
-3476,549897	0,338040	-2605,799923	30,736492	
-3470,099897	0,387249	-2599,349923	31,407848	
-3463,649898	0,323064	-2592,899923	31,747522	
-3457,199898	0,372272	-2586,449924	31,791480	
-3450,749898	0,310227	-2579,999924	31,797475	
-3444,299898	0,378691	-2573,549924	32,438859	
-3437,849898	0,331622	-2567,099924	32,844469	
-3431,399899	0,372272	-2560,649924	33,324009	
-3424,949899	0,297390	-2554,199924	33,643702	
-3418,499899	0,359435	-2547,749925	33,941416	
-3412,049899	0,344459	-2541,299925	34,139227	
-3405,599899	0,350877	-2534,849925	34,716672	
-3399,149899	0,331622	-2528,399925	35,244166	
-3392,699900	0,342319	-2521,949925	35,555864	
-3386,249900	0,344459	-2515,499926	36,011430	
-3379,799900	0,344459	-2509,049926	36,369087	
-3373,349900	0,329482	-2502,599926	36,786685	
-3366,899900	0,370133	-2496,149926	37,703804	
-3360,449901	0,323064	-2489,699926	38,227301	
-3353,999901	0,357296	-2483,249927	38,554988	
-3347,549901	0,323064	-2476,799927	38,990568	
-3341,099901	0,372272	-2470,349927	39,072489	
-3334,649901	0,314506	-2463,899927	39,362211	
-3328,199902	0,370133	-2457,449927	39,829764	
-3321,749902	0,329482	-2450,999928	40,718908	
-3315,299902	0,355156	-2444,549928	41,016624	
-3308,849902	0,329482	-2438,099928	41,779891	
-3302,399902	0,355156	-2431,649928	41,983696	
-3295,949903	0,357296	-2425,199928	42,069613	
-3289,499903	0,333761	-2418,749928	42,169517	
-3283,049903	0,348738	-2412,299929	42,595109	
-3276,599903	0,342319	-2405,849929	42,944771	
-3270,149903	0,320924	-2399,399929	43,118605	
-3263,699903	0,363714	-2392,949929	43,420315	
-3257,249904	0,314506	-2386,499929	43,696051	
-3250,799904	0,361575	-2380,049930	44,239529	
-3244,349904	0,320924	-2373,599930	44,591191	
-3237,899904	0,361575	-2367,149930	45,298514	
-3231,449904	0,320924	-2360,699930	45,692137	
-3224,999905	0,361575	-2354,249930	45,845990	
-3218,549905	0,344459	-2347,799931	46,299553	
-3212,099905	0,365854	-2341,349931	47,406491	
-3205,649905	0,357296	-2334,899931	47,714196	
-3199,199905	0,400086	-2328,449931	48,369565	
-3192,749906	0,305948	-2321,999931	48,215713	
-3186,299906	0,391528	-2315,549932	48,947011	
-3179,849906	0,320924	-2309,099932	49,806184	
-3173,399906	0,353017	-2302,649932	50,443575	
-3166,949906	0,325203	-2296,199932	51,156890	
-3160,499907	0,378691	-2289,749932	52,018062	
-3154,049907	0,325203	-2283,299932	52,531570	
-3147,599907	0,376551	-2276,849933	52,729379	
-3141,149907	0,290971	-2270,399933	53,031092	
-3134,699907	0,387249	-2263,949933	52,859257	
-3128,249907	0,323064	-2257,499933	52,881233	
-3121,799908	0,355156	-2251,049933	53,148979	
-3115,349908	0,297390	-2244,599934	53,648497	
-3108,899908	0,391528	-2238,149934	54,343829	
-3102,449908	0,308087	-2231,699934	54,887307	
-3095,999908	0,397946	-2225,249934	55,402814	
-3089,549909	0,335901	-2218,799934	56,002240	
-3083,099909	0,363714	-2212,349935	56,725543	
-3076,649909	0,327343	-2205,899935	57,037246	
-3070,199909	0,365854	-2199,449935	57,370924	
-3063,749909	0,338040	-2192,999935	57,684625	
-3057,299910	0,359435	-2186,549935	58,551788	
-3050,849910	0,331622	-2180,099936	59,203164	
-3044,399910	0,374412	-2173,649936	59,375000	
-3037,949910	0,318785	-2167,199936	59,496884	
-3031,499910	0,382970	-2160,749936	59,956443	
-3025,049911	0,355156	-2154,299936	60,300114	
-3018,599911	0,370133	-2147,849936	61,107337	
-3012,149911	0,320924	-2141,399937	61,800671	
-3005,699911	0,389388	-2134,949937	62,711799	
-2999,249911	0,305948	-2128,499937	63,676871	
-2992,799911	0,404365	-2122,049937	64,026534	
-2986,349912	0,335901	-2115,599937	64,540042	
-2979,899912	0,367993	-2109,149938	64,574009	
-2973,449912	0,318785	-2102,699938	64,402174	
-2966,999912	0,387249	-2096,249938	64,304269	
-2960,549912	0,305948	-2089,799938	64,208358	
-2954,099913	0,382970	-2083,349938	65,147458	
-2947,649913	0,331622	-2076,899939	65,491129	
-2941,199913	0,344459	-2070,449939	66,460199	
-2934,749913	0,359435	-2063,999939	67,133551	
-2928,299913	0,361575	-2057,549939	67,405290	
-2921,849914	0,308087	-2051,099939	67,653055	
-2915,399914	0,378691	-2044,649940	68,142584	
-2908,949914	0,342319	-2038,199940	68,350386	
-2902,499914	0,395807	-2031,749940	68,742006	
-2896,049914	0,329482	-2025,299940	69,641146	
-2889,599915	0,385109	-2018,849940	70,216594	
-2883,149915	0,323064	-2012,399940	70,298510	
-2876,699915	0,357296	-2005,949941	71,031811	
-2870,249915	0,320924	-1999,499941	71,948930	
-2863,799915	0,404365	-1993,049941	72,570336	
-2857,349916	0,327343	-1986,599941	72,902016	
-2850,899916	0,370133	-1980,149941	73,661282	
-2844,449916	0,331622	-1973,699942	74,390586	
-2837,999916	0,415062	-1967,249942	75,025973	
-2831,549916	0,320924	-1960,799942	74,982021	
-2825,099916	0,355156	-1954,349942	74,834160	
-2818,649917	0,338040	-1947,899942	75,277735	
-2812,199917	0,382970	-1941,449943	75,503515	
-2805,749917	0,325203	-1934,999943	75,921117	
-2799,299917	0,353017	-1928,549943	76,444609	
-2792,849917	0,329482	-1922,099943	77,361729	
-2786,399918	0,400086	-1915,649943	77,731381	
-2779,949918	0,323064	-1909,199944	78,168960	
-2773,499918	0,427899	-1902,749944	78,123001	
-2767,049918	0,346598	-1896,299944	77,967154	
-2760,599918	0,417202	-1889,849944	78,392742	
-2754,149919	0,331622	-1883,399944	79,313859	
-2747,699919	0,406504	-1876,949944	79,815375	
-2741,249919	0,308087	-1870,499945	80,426788	
-2734,799919	0,376551	-1864,049945	80,630593	
-2728,349919	0,297390	-1857,599945	80,708520	
-2721,899920	0,370133	-1851,149945	81,309941	
-2715,449920	0,318785	-1844,699945	81,883389	
-2708,999920	0,374412	-1838,249946	81,869407	
-2702,549920	0,297390	-1831,799946	81,747519	
-2696,099920	0,404365	-1825,349946	82,364928	
-2689,649920	0,350877	-1818,899946	83,278051	
-2683,199921	0,363714	-1812,449946	83,957398	
-2676,749921	0,355156	-1805,999947	84,295074	
-2670,299921	0,361575	-1799,549947	84,420959	
-2663,849921	0,338040	-1793,099947	84,704681	
-2657,399921	0,389388	-1786,649947	84,980417	
-2650,949922	0,327343	-1780,199947	85,439981	
-2644,499922	0,408644	-1773,749948	85,549869	
-2638,049922	0,329482	-1767,299948	85,725701	
-2631,599922	0,397946	-1760,849948	86,221231	
-2625,149922	0,325203	-1754,399948	87,124360	
-2618,699923	0,378691	-1747,949948	87,563938	
-2612,249923	0,325203	-1741,499949	88,425114	
-2605,799923	0,419341	-1735,049949	88,632915	
-2599,349923	0,367993	-1728,599949	88,303226	
-2592,899923	0,395807	-1722,149949	89,476104	
-2586,449924	0,331622	-1715,699949	89,915682	
-2579,999924	0,427899	-1709,249949	90,147458	
-2573,549924	0,325203	-1702,799950	90,619004	
-2567,099924	0,389388	-1696,349950	90,339271	
-2560,649924	0,344459	-1689,899950	90,439174	
-2554,199924	0,421481	-1683,449950	90,159449	
-2547,749925	0,340180	-1676,999950	90,950684	
-2541,299925	0,387249	-1670,549951	90,455163	
-2534,849925	0,342319	-1664,099951	90,529094	
-2528,399925	0,370133	-1657,649951	90,838797	
-2521,949925	0,335901	-1651,199951	91,140507	
-2515,499926	0,421481	-1644,749951	92,075605	
-2509,049926	0,323064	-1638,299952	91,853822	
-2502,599926	0,408644	-1631,849952	92,319372	
-2496,149926	0,335901	-1625,399952	91,412246	
-2489,699926	0,408644	-1618,949952	91,915761	
-2483,249927	0,344459	-1612,499952	92,307381	
-2476,799927	0,385109	-1606,049953	92,904812	
-2470,349927	0,346598	-1599,599953	92,804909	
-2463,899927	0,408644	-1593,149953	92,726981	
-2457,449927	0,363714	-1586,699953	92,902814	
-2450,999928	0,387249	-1580,249953	94,215551	
-2444,549928	0,342319	-1573,799953	94,291480	
-2438,099928	0,393667	-1567,349954	93,600140	
-2431,649928	0,348738	-1560,899954	94,591191	
-2425,199928	0,400086	-1554,449954	94,357416	
-2418,749928	0,331622	-1547,999954	94,431346	
-2412,299929	0,406504	-1541,549954	94,485291	
-2405,849929	0,325203	-1535,099955	95,112693	
-2399,399929	0,436457	-1528,649955	95,546275	
-2392,949929	0,329482	-1522,199955	94,359414	
-2386,499929	0,385109	-1515,749955	95,036764	
-2380,049930	0,353017	-1509,299955	95,931907	
-2373,599930	0,393667	-1502,849956	94,896897	
-2367,149930	0,338040	-1496,399956	94,918881	
-2360,699930	0,419341	-1489,949956	96,179664	
-2354,249930	0,344459	-1483,499956	96,327525	
-2347,799931	0,389388	-1477,049956	95,903936	
-2341,349931	0,385109	-1470,599957	95,802033	
-2334,899931	0,427899	-1464,149957	96,157688	
-2328,449931	0,353017	-1457,699957	97,426473	
-2321,999931	0,442875	-1451,249957	98,641304	
-2315,549932	0,318785	-1444,799957	98,966988	
-2309,099932	0,438596	-1438,349957	98,313622	
-2302,649932	0,350877	-1431,899958	97,434467	
-2296,199932	0,417202	-1425,449958	97,214674	
-2289,749932	0,365854	-1418,999958	97,592312	
-2283,299932	0,430039	-1412,549958	98,249684	
-2276,849933	0,340180	-1406,099958	98,964990	
-2270,399933	0,408644	-1399,649959	99,876122	
-2263,949933	0,355156	-1393,199959	100,123878	
-2257,499933	0,402225	-1386,749959	99,418557	
-2251,049933	0,333761	-1380,299959	98,805146	
-2244,599934	0,415062	-1373,849959	98,005917	
-2238,149934	0,350877	-1367,399960	97,472423	
-2231,699934	0,412923	-1360,949960	96,906969	
-2225,249934	0,333761	-1354,499960	97,464437	
-2218,799934	0,389388	-1348,049960	97,074807	
-2212,349935	0,361575	-1341,599960	96,769101	
-2205,899935	0,415062	-1335,149961	96,475386	
-2199,449935	0,355156	-1328,699961	96,513350	
-2192,999935	0,406504	-1322,249961	97,168715	
-2186,549935	0,342319	-1315,799961	98,429506	
-2180,099936	0,421481	-1309,349961	98,945012	
-2173,649936	0,376551	-1302,899961	98,359572	
-2167,199936	0,434318	-1296,449962	98,783170	
-2160,749936	0,361575	-1289,999962	98,691260	
-2154,299936	0,423620	-1283,549962	97,961957	
-2147,849936	0,376551	-1277,099962	97,750158	
-2141,399937	0,457852	-1270,649962	97,494407	
-2134,949937	0,340180	-1264,199963	96,900973	
-2128,499937	0,436457	-1257,749963	97,114770	
-2122,049937	0,365854	-1251,299963	97,824088	
-2115,599937	0,404365	-1244,849963	97,552349	
-2109,149938	0,353017	-1238,399963	97,732179	
-2102,699938	0,434318	-1231,949964	97,140743	
-2096,249938	0,370133	-1225,499964	96,857021	
-2089,799938	0,397946	-1219,049964	96,593268	
-2083,349938	0,348738	-1212,599964	97,196695	
-2076,899939	0,438596	-1206,149964	96,153691	
-2070,449939	0,344459	-1199,699965	96,085756	
-2063,999939	0,451433	-1193,249965	96,435422	
-2057,549939	0,335901	-1186,799965	96,737132	
-2051,099939	0,406504	-1180,349965	96,435422	
-2044,649940	0,361575	-1173,899965	96,605259	
-2038,199940	0,393667	-1167,449965	95,853980	
-2031,749940	0,338040	-1160,999966	95,971870	
-2025,299940	0,445015	-1154,549966	96,863009	
-2018,849940	0,365854	-1148,099966	97,290603	
-2012,399940	0,408644	-1141,649966	97,292602	
-2005,949941	0,355156	-1135,199966	96,299553	
-1999,499941	0,406504	-1128,749967	95,877954	
-1993,049941	0,348738	-1122,299967	95,326490	
-1986,599941	0,425760	-1115,849967	94,946853	
-1980,149941	0,353017	-1109,399967	94,265507	
-1973,699942	0,445015	-1102,949967	93,927831	
-1967,249942	0,367993	-1096,499968	95,032767	
-1960,799942	0,430039	-1090,049968	95,050754	
-1954,349942	0,361575	-1083,599968	94,101665	
-1947,899942	0,408644	-1077,149968	92,495205	
-1941,449943	0,382970	-1070,699968	93,294434	
-1934,999943	0,419341	-1064,249969	94,335440	
-1928,549943	0,348738	-1057,799969	94,061702	
-1922,099943	0,427899	-1051,349969	93,734011	
-1915,649943	0,380830	-1044,899969	92,868846	
-1909,199944	0,432178	-1038,449969	92,832880	
-1902,749944	0,361575	-1031,999969	92,756951	
-1896,299944	0,423620	-1025,549970	92,736974	
-1889,849944	0,367993	-1019,099970	92,529172	
-1883,399944	0,397946	-1012,649970	91,328322	
-1876,949944	0,342319	-1006,199970	90,746880	
-1870,499945	0,395807	-999,749970	91,140507	
-1864,049945	0,344459	-993,299971	90,950684	
-1857,599945	0,412923	-986,849971	90,511106	
-1851,149945	0,361575	-980,399971	90,325289	
-1844,699945	0,382970	-973,949971	90,698930	
-1838,249946	0,359435	-967,499971	89,512070	
-1831,799946	0,417202	-961,049972	89,144425	
-1825,349946	0,350877	-954,599972	89,092470	
-1818,899946	0,387249	-948,149972	88,477060	
-1812,449946	0,344459	-941,699972	87,973545	
-1805,999947	0,430039	-935,249972	87,869644	
-1799,549947	0,378691	-928,799973	86,900578	
-1793,099947	0,389388	-922,349973	86,508950	
-1786,649947	0,370133	-915,899973	86,399053	
-1780,199947	0,438596	-909,449973	85,965472	
-1773,749948	0,365854	-902,999973	85,519898	
-1767,299948	0,440736	-896,549973	84,846546	
-1760,849948	0,350877	-890,099974	84,185186	
-1754,399948	0,412923	-883,649974	84,416962	
-1747,949948	0,361575	-877,199974	84,109257	
-1741,499949	0,434318	-870,749974	84,031329	
-1735,049949	0,340180	-864,299974	83,573773	
-1728,599949	0,451433	-857,849975	83,337999	
-1722,149949	0,378691	-851,399975	83,579760	
-1715,699949	0,436457	-844,949975	82,674632	
-1709,249949	0,376551	-838,499975	82,716594	
-1702,799950	0,447154	-832,049975	82,336957	
-1696,349950	0,378691	-825,599976	82,302989	
-1689,899950	0,455712	-819,149976	81,709555	
-1683,449950	0,361575	-812,699976	81,226025	
-1676,999950	0,442875	-806,249976	80,594627	
-1670,549951	0,344459	-799,799976	80,023177	
-1664,099951	0,459991	-793,349977	79,315857	
-1657,649951	0,348738	-786,899977	78,200929	
-1651,199951	0,453573	-780,449977	77,147940	
-1644,749951	0,361575	-773,999977	76,150894	
-1638,299952	0,434318	-767,549977	75,639385	
-1631,849952	0,385109	-761,099977	75,649378	
-1625,399952	0,419341	-754,649978	74,776218	
-1618,949952	0,363714	-748,199978	74,132836	
-1612,499952	0,427899	-741,749978	73,617330	
-1606,049953	0,376551	-735,299978	73,747204	
-1599,599953	0,417202	-728,849978	74,020941	
-1593,149953	0,382970	-722,399979	73,265664	
-1586,699953	0,434318	-715,949979	72,626280	
-1580,249953	0,357296	-709,499979	72,400499	
-1573,799953	0,447154	-703,049979	72,442453	
-1567,349954	0,370133	-696,599979	72,192698	
-1560,899954	0,434318	-690,149980	71,962912	
-1554,449954	0,353017	-683,699980	71,833038	
-1547,999954	0,462131	-677,249980	71,962912	
-1541,549954	0,357296	-670,799980	71,795074	
-1535,099955	0,464270	-664,349980	71,685186	
-1528,649955	0,378691	-657,899981	70,548273	
-1522,199955	0,451433	-651,449981	70,032767	
-1515,749955	0,372272	-644,999981	69,739051	
-1509,299955	0,455712	-638,549981	69,187579	
-1502,849956	0,372272	-632,099981	68,100622	
-1496,399956	0,442875	-625,649981	67,409287	
-1489,949956	0,361575	-619,199982	66,723944	
-1483,499956	0,479247	-612,749982	66,935742	
-1477,049956	0,376551	-606,299982	67,537163	
-1470,599957	0,436457	-599,849982	66,482179	
-1464,149957	0,382970	-593,399982	65,193413	
-1457,699957	0,449294	-586,949983	64,801788	
-1451,249957	0,400086	-580,499983	64,324250	
-1444,799957	0,485665	-574,049983	64,484095	
-1438,349957	0,389388	-567,599983	63,523019	
-1431,899958	0,468549	-561,149983	63,195332	
-1425,449958	0,372272	-554,699984	62,623882	
-1418,999958	0,494223	-548,249984	62,376118	
-1412,549958	0,400086	-541,799984	61,924553	
-1406,099958	0,470689	-535,349984	60,795635	
-1399,649959	0,393667	-528,899984	60,348067	
-1393,199959	0,489944	-522,449985	59,798593	
-1386,749959	0,410783	-515,999985	59,606776	
-1380,299959	0,487805	-509,549985	58,967391	
-1373,849959	0,397946	-503,099985	58,711637	
-1367,399960	0,513479	-496,649985	57,964354	
-1360,949960	0,389388	-490,199986	57,488810	
-1354,499960	0,496363	-483,749986	56,825447	
-1348,049960	0,430039	-477,299986	56,735532	
-1341,599960	0,468549	-470,849986	56,517742	
-1335,149961	0,447154	-464,399986	55,932306	
-1328,699961	0,517758	-457,949986	54,981219	
-1322,249961	0,453573	-451,499987	54,389788	
-1315,799961	0,477107	-445,049987	53,596546	
-1309,349961	0,453573	-438,599987	53,125000	
-1302,899961	0,519897	-432,149987	52,589516	
-1296,449962	0,453573	-425,699987	52,455641	
-1289,999962	0,551990	-419,249988	52,157929	
-1283,549962	0,447154	-412,799988	51,896178	
-1277,099962	0,560548	-406,349988	51,082959	
-1270,649962	0,468549	-399,899988	50,653375	
-1264,199963	0,577664	-393,449988	50,005996	
-1257,749963	0,489944	-386,999989	49,558424	
-1251,299963	0,549850	-380,549989	48,729221	
-1244,849963	0,513479	-374,099989	48,065857	
-1238,399963	0,564827	-367,649989	47,600302	
-1231,949964	0,543432	-361,199989	47,082801	
-1225,499964	0,586222	-354,749990	46,773098	
-1219,049964	0,479247	-348,299990	46,551310	
-1212,599964	0,646128	-341,849990	46,289560	
-1206,149964	0,479247	-335,399990	45,584239	
-1199,699965	0,633291	-328,949990	45,182626	
-1193,249965	0,509200	-322,499990	44,661124	
-1186,799965	0,620454	-316,049991	44,429348	
-1180,349965	0,519897	-309,599991	44,243526	
-1173,899965	0,667522	-303,149991	43,732017	
-1167,449965	0,558408	-296,699991	42,998720	
-1160,999966	0,699615	-290,249991	42,461238	
-1154,549966	0,584082	-283,799992	42,041642	
-1148,099966	0,656825	-277,349992	41,905772	
-1141,649966	0,611896	-270,899992	41,400254	
-1135,199966	0,661104	-264,449992	41,188460	
-1128,749967	0,635430	-257,999992	40,682946	
-1122,299967	0,716731	-251,549993	40,363250	
-1115,849967	0,643988	-245,099993	39,673913	
-1109,399967	0,774497	-238,649993	39,464113	
-1102,949967	0,631151	-232,199993	38,614928	
-1096,499968	0,780916	-225,749993	38,103419	
-1090,049968	0,678220	-219,299994	37,751758	
-1083,599968	0,830124	-212,849994	37,857657	
-1077,149968	0,652546	-206,399994	37,440059	
-1070,699968	0,857938	-199,949994	36,732736	
-1064,249969	0,763800	-193,499994	35,839595	
-1057,799969	0,836543	-187,049994	35,404010	
-1051,349969	0,783055	-180,599995	35,461957	
-1044,899969	0,827985	-174,149995	34,968430	
-1038,449969	0,849380	-167,699995	34,540840	
-1031,999969	0,885751	-161,249995	33,743605	
-1025,549970	0,827985	-154,799995	33,487851	
-1019,099970	0,890030	-148,349996	33,184143	
-1012,649970	0,806590	-141,899996	33,042280	
-1006,199970	0,926401	-135,449996	32,418877	
-999,749970	0,855798	-128,999996	31,945332	
-993,299971	0,979889	-122,549996	31,503756	
-986,849971	0,864356	-116,099997	31,194055	
-980,399971	0,956354	-109,649997	30,830402	
-973,949971	0,892169	-103,199997	30,452766	
-967,499971	0,997005	-96,749997	30,390824	
-961,049972	0,949936	-90,299997	29,855338	
-954,599972	0,997005	-83,849998	29,072090	
-948,149972	0,958494	-77,399998	28,568575	
-941,699972	1,044074	-70,949998	28,156969	
-935,249972	0,988447	-64,499998	27,591513	
-928,799973	1,046213	-58,049998	27,359734	
-922,349973	1,016260	-51,599998	27,151935	
-915,899973	1,097561	-45,149999	26,586477	
-909,449973	1,033376	-38,699999	26,322730	
-902,999973	1,127514	-32,249999	25,751280	
-896,549973	1,026958	-25,799999	25,431585	
-890,099974	1,114677	-19,349999	24,804188	
-883,649974	1,039795	-12,900000	24,248720	
-877,199974	1,136072	-6,450000	23,735214	
-870,749974	1,061190	0,000000	23,379556	
-864,299974	1,170304	6,450000	23,055866	
-857,849975	1,106119	12,900000	22,690217	
-851,399975	1,181001	19,349999	22,372522	
-844,949975	1,166025	25,799999	22,154731	
-838,499975	1,202396	32,249999	21,791081	
-832,049975	1,176722	38,699999	21,683185	
-825,599976	1,243047	45,149999	21,411446	
-819,149976	1,170304	51,599998	21,423433	
-812,699976	1,279418	58,049998	21,011829	
-806,249976	1,253744	64,499998	20,861972	
-799,799976	1,266581	70,949998	20,320492	
-793,349977	1,283697	77,399998	20,042759	
-786,899977	1,388532	83,849998	19,611174	
-780,449977	1,266581	90,299997	19,365410	
-773,999977	1,392811	96,749997	19,065697	
-767,549977	1,352161	103,199997	18,885870	
-761,099977	1,489089	109,649997	18,706042	
-754,649978	1,442020	116,099997	18,402334	
-748,199978	1,516902	122,549996	18,128596	
-741,749978	1,463415	128,999996	17,577126	
-735,299978	1,576808	135,449996	17,129556	
-728,849978	1,516902	141,899996	16,853821	
-722,399979	1,640993	148,349996	16,650016	
-715,949979	1,557552	154,799995	16,504156	
-709,499979	1,673085	161,249995	16,142503	
-703,049979	1,600342	167,699995	15,704923	
-696,599979	1,728712	174,149995	15,253357	
-690,149980	1,683783	180,599995	15,009591	
-683,699980	1,801455	187,049994	14,629955	
-677,249980	1,752246	193,499994	14,276295	
-670,799980	1,839966	199,949994	14,044517	
-664,349980	1,773641	206,399994	13,806745	
-657,899981	1,938383	212,849994	13,529013	
-651,449981	1,801455	219,299994	13,397139	
-644,999981	1,981172	225,749993	13,103421	
-638,549981	1,891314	232,199993	12,865649	
-632,099981	2,075310	238,649993	12,717791	
-625,649981	2,008986	245,099993	12,519981	
-619,199982	2,167309	251,549993	12,270220	
-612,749982	2,064613	257,999992	12,006474	
-606,299982	2,152332	264,449992	11,918558	
-599,849982	2,141635	270,899992	11,738731	
-593,399982	2,229354	277,349992	11,588875	
-586,949983	2,195122	283,799992	11,542918	
-580,499983	2,312794	290,249991	11,391064	
-574,049983	2,310655	296,699991	11,339114	
-567,599983	2,430466	303,149991	11,201247	
-561,149983	2,421908	309,599991	11,063379	
-554,699984	2,554557	316,049991	10,891544	
-548,249984	2,458280	322,499990	10,533887	
-541,799984	2,635858	328,949990	10,360054	
-535,349984	2,614463	335,399990	10,082321	
-528,899984	2,708601	341,849990	9,786605	
-522,449985	2,650834	348,299990	9,630755	
-515,999985	2,851947	354,749990	9,376999	
-509,549985	2,736414	361,199989	9,245125	
-503,099985	2,896876	367,649989	9,193175	
-496,649985	2,873342	374,099989	8,927429	
-490,199986	3,025246	380,549989	8,845509	
-483,749986	3,008130	386,999989	8,677669	
-477,299986	3,097989	393,449988	8,489850	
-470,849986	3,164313	399,899988	8,339994	
-464,399986	3,234917	406,349988	8,176151	
-457,949986	3,207103	412,799988	7,988331	
-451,499987	3,371844	419,249988	7,854460	
-445,049987	3,339752	425,699987	7,684623	
-438,599987	3,485238	432,149987	7,484814	
-432,149987	3,438169	438,599987	7,300991	
-425,699987	3,575096	445,049987	7,143142	
-419,249988	3,592212	451,499987	7,019262	
-412,799988	3,750535	457,949986	6,961317	
-406,349988	3,688489	464,399986	6,815457	
-399,899988	3,902439	470,849986	6,669597	
-393,449988	3,821138	477,299986	6,655611	
-386,999989	3,934531	483,749986	6,391864	
-380,549989	3,983740	490,199986	6,228021	
-374,099989	4,139923	496,649985	6,106138	
-367,649989	4,159178	503,099985	5,910326	
-361,199989	4,276851	509,549985	5,726503	
-354,749990	4,291827	515,999985	5,688539	
-348,299990	4,390244	522,449985	5,538683	
-341,849990	4,448010	528,899984	5,498721	
-335,399990	4,544287	535,349984	5,480738	
-328,949990	4,567822	541,799984	5,362852	
-322,499990	4,696192	548,249984	5,155051	
-316,049991	4,687634	554,699984	5,045157	
-309,599991	4,843817	561,149983	5,003197	
-303,149991	4,873770	567,599983	4,957241	
-296,699991	5,025674	574,049983	4,755435	
-290,249991	5,029953	580,499983	4,695492	
-283,799992	5,134788	586,949983	4,589594	
-277,349992	5,218229	593,399982	4,585598	
-270,899992	5,432178	599,849982	4,561621	
-264,449992	5,447154	606,299982	4,427749	
-257,999992	5,669662	612,749982	4,297874	
-251,549993	5,665383	619,199982	4,287884	
-245,099993	5,776637	625,649981	4,257912	
-238,649993	5,877193	632,099981	4,205962	
-232,199993	6,052632	638,549981	4,002158	
-225,749993	6,018400	644,999981	3,920237	
-219,299994	6,236628	651,449981	3,770380	
-212,849994	6,345742	657,899981	3,706442	
-206,399994	6,583226	664,349980	3,646499	
-199,949994	6,525460	670,799980	3,602542	
-193,499994	6,747967	677,249980	3,506634	
-187,049994	6,762944	683,699980	3,472666	
-180,599995	7,015404	690,149980	3,364770	
-174,149995	7,034660	696,599979	3,326806	
-167,699995	7,163029	703,049979	3,192935	
-161,249995	7,278562	709,499979	3,154971	
-154,799995	7,620882	715,949979	3,029092	
-148,349996	7,659393	722,399979	3,037084	
-141,899996	7,807017	728,849978	2,939178	
-135,449996	7,886179	735,299978	2,941176	
-128,999996	7,999572	741,749978	2,813299	
-122,549996	8,078733	748,199978	2,703405	
-116,099997	8,339752	754,649978	2,705403	
-109,649997	8,288404	761,099977	2,633472	
-103,199997	8,572957	767,549977	2,577526	
-96,749997	8,671373	773,999977	2,555547	
-90,299997	8,975182	780,449977	2,439658	
-83,849998	9,109970	786,899977	2,355739	
-77,399998	9,422337	793,349977	2,347746	
-70,949998	9,443731	799,799976	2,239850	
-64,499998	9,625588	806,249976	2,277813	
-58,049998	9,540008	812,699976	2,225863	
-51,599998	9,747539	819,149976	2,167919	
-45,149999	9,717587	825,599976	2,113971	
-38,699999	9,972187	832,049975	2,083999	
-32,249999	9,972187	838,499975	2,030051	
-25,799999	10,158323	844,949975	2,024057	
-19,349999	10,350877	851,399975	1,964114	
-12,900000	10,547711	857,849975	1,916161	
-6,450000	10,757381	864,299974	1,814258	
0,000000	11,080445	870,749974	1,824249	
6,450000	11,125375	877,199974	1,780291	
12,900000	11,382114	883,649974	1,782289	
19,349999	11,525460	890,099974	1,772299	
25,799999	11,681643	896,549973	1,712356	
32,249999	11,769362	902,999973	1,658408	
38,699999	12,002568	909,449973	1,566496	
45,149999	12,284981	915,899973	1,604460	
51,599998	12,588789	922,349973	1,578485	
58,049998	12,759949	928,799973	1,506554	
64,499998	13,061617	935,249972	1,460598	
70,949998	13,416774	941,699972	1,420636	
77,399998	13,921694	948,149972	1,432625	
83,849998	14,088575	954,599972	1,354700	
90,299997	14,364570	961,049972	1,426630	
96,749997	14,116389	967,499971	1,316736	
103,199997	14,274711	973,949971	1,326726	
109,649997	14,261875	980,399971	1,346707	
116,099997	14,428754	986,849971	1,280770	
122,549996	14,617030	993,299971	1,258792	
128,999996	15,034232	999,749970	1,292759	
135,449996	15,098416	1006,199970	1,156889	
141,899996	15,481387	1012,649970	1,160886	
148,349996	15,646128	1019,099970	1,200847	
154,799995	15,902867	1025,549970	1,158887	
161,249995	15,997005	1031,999969	1,178868	
167,699995	16,403509	1038,449969	1,150895	
174,149995	16,741549	1044,899969	1,140905	
180,599995	17,186565	1051,349969	1,146899	
187,049994	17,552418	1057,799969	1,100943	
193,499994	17,729995	1064,249969	1,118926	
199,949994	18,290543	1070,699968	1,078964	
206,399994	18,718442	1077,149968	1,041001	
212,849994	18,682072	1083,599968	1,092951	
219,299994	18,940951	1090,049968	1,078964	
225,749993	18,765511	1096,499968	1,098945	
232,199993	19,428755	1102,949967	1,076966	
238,649993	19,910141	1109,399967	1,072970	
245,099993	20,121951	1115,849967	1,058983	
251,549993	20,194694	1122,299967	1,068974	
257,999992	20,635431	1128,749967	1,005035	
264,449992	20,688917	1135,199966	1,027014	
270,899992	20,992726	1141,649966	1,007033	
277,349992	21,272999	1148,099966	0,945093	
283,799992	22,133076	1154,549966	0,983056	
290,249991	22,340607	1160,999966	0,947091	
296,699991	22,471117	1167,449965	0,895141	
303,149991	22,391955	1173,899965	0,915122	
309,599991	22,492512	1180,349965	0,891145	
316,049991	22,729996	1186,799965	0,947091	
322,499990	23,057339	1193,249965	0,917120	
328,949990	23,172870	1199,699965	0,895141	
335,399990	23,247754	1206,149964	0,907129	
341,849990	23,609329	1212,599964	0,865169	
348,299990	23,844672	1219,049964	0,865169	
354,749990	24,251177	1225,499964	0,847187	
361,199989	24,514334	1231,949964	0,809223	
367,649989	24,644843	1238,399963	0,801231	
374,099989	25,068464	1244,849963	0,853181	
380,549989	25,528456	1251,299963	0,783248	
386,999989	26,069748	1257,749963	0,799233	
393,449988	26,240908	1264,199963	0,863171	
399,899988	26,589645	1270,649962	0,793239	
406,349988	26,874198	1277,099962	0,769261	
412,799988	27,148053	1283,549962	0,731298	
419,249988	27,667951	1289,999962	0,815217	
425,699987	28,269149	1296,449962	0,795237	
432,149987	28,842535	1302,899961	0,767263	
438,599987	29,559263	1309,349961	0,757273	
445,049987	29,871629	1315,799961	0,729300	
451,499987	30,436456	1322,249961	0,779252	
457,949986	30,712452	1328,699961	0,725304	
464,399986	30,973471	1335,149961	0,771260	
470,849986	31,163885	1341,599960	0,747283	
477,299986	31,634575	1348,049960	0,723306	
483,749986	31,773641	1354,499960	0,713315	
490,199986	32,291399	1360,949960	0,685342	
496,649985	32,847669	1367,399960	0,725304	
503,099985	33,579375	1373,849959	0,627398	
509,549985	33,814721	1380,299959	0,685342	
515,999985	33,945228	1386,749959	0,631394	
522,449985	34,204108	1393,199959	0,639386	
528,899984	34,736841	1399,649959	0,679348	
535,349984	35,224647	1406,099958	0,643382	
541,799984	35,997006	1412,549958	0,697331	
548,249984	36,439879	1418,999958	0,629396	
554,699984	36,330765	1425,449958	0,643382	
561,149983	36,433461	1431,899958	0,621403	
567,599983	37,068892	1438,349957	0,641384	
574,049983	37,490373	1444,799957	0,655371	
580,499983	37,796322	1451,249957	0,603421	
586,949983	38,008131	1457,699957	0,629396	
593,399982	38,664955	1464,149957	0,629396	
599,849982	38,872485	1470,599957	0,609415	
606,299982	39,261875	1477,049956	0,597426	
612,749982	39,582798	1483,499956	0,611413	
619,199982	40,333761	1489,949956	0,545476	
625,649981	40,507059	1496,399956	0,625400	
632,099981	41,373557	1502,849956	0,637388	
638,549981	41,555411	1509,299955	0,663363	
644,999981	41,688062	1515,749955	0,591432	
651,449981	42,312793	1522,199955	0,627398	
657,899981	43,080872	1528,649955	0,597426	
664,349980	43,463844	1535,099955	0,587436	
670,799980	43,928113	1541,549954	0,569453	
677,249980	44,097134	1547,999954	0,583440	
683,699980	44,490801	1554,449954	0,607417	
690,149980	44,888747	1560,899954	0,601423	
696,599979	45,872912	1567,349954	0,619405	
703,049979	46,362857	1573,799953	0,595428	
709,499979	47,019684	1580,249953	0,549472	
715,949979	47,011124	1586,699953	0,587436	
722,399979	47,049636	1593,149953	0,593430	
728,849978	47,389817	1599,599953	0,549472	
735,299978	48,020969	1606,049953	0,595428	
741,749978	48,115105	1612,499952	0,591432	
748,199978	48,988018	1618,949952	0,563459	
754,649978	49,227641	1625,399952	0,603421	
761,099977	49,332478	1631,849952	0,637388	
767,549977	49,995720	1638,299952	0,543478	
773,999977	50,226787	1644,749951	0,647378	
780,449977	50,744545	1651,199951	0,611413	
786,899977	51,634574	1657,649951	0,623402	
793,349977	52,415490	1664,099951	0,569453	
799,799976	52,759950	1670,549951	0,609415	
806,249976	53,132221	1676,999950	0,625400	
812,699976	53,592213	1683,449950	0,615409	
819,149976	53,818997	1689,899950	0,569453	
825,599976	54,882327	1696,349950	0,547474	
832,049975	54,816002	1702,799950	0,579444	
838,499975	55,522035	1709,249949	0,569453	
844,949975	55,894310	1715,699949	0,613411	
851,399975	56,916990	1722,149949	0,575448	
857,849975	57,379117	1728,599949	0,581442	
864,299974	58,371842	1735,049949	0,611413	
870,749974	58,596494	1741,499949	0,611413	
877,199974	59,071457	1747,949948	0,555467	
883,649974	58,611465	1754,399948	0,573449	
890,099974	59,512195	1760,849948	0,565457	
896,549973	60,059905	1767,299948	0,599425	
902,999973	60,355156	1773,749948	0,555467	
909,449973	61,296537	1780,199947	0,543478	
915,899973	62,180148	1786,649947	0,603421	
922,349973	63,299099	1793,099947	0,645380	
928,799973	63,401794	1799,549947	0,591432	
935,249972	63,658537	1805,999947	0,631394	
941,699972	62,971758	1812,449946	0,571451	
948,149972	63,179291	1818,899946	0,621403	
954,599972	63,622163	1825,349946	0,577446	
961,049972	63,981602	1831,799946	0,515505	
967,499971	65,006417	1838,249946	0,529492	
973,949971	65,250323	1844,699945	0,583440	
980,399971	65,620456	1851,149945	0,541480	
986,849971	66,670943	1857,599945	0,549472	
993,299971	66,394953	1864,049945	0,495524	
999,749970	66,529739	1870,499945	0,523497	
1006,199970	67,678646	1876,949944	0,521499	
1012,649970	67,045359	1883,399944	0,551471	
1019,099970	66,940522	1889,849944	0,551471	
1025,549970	68,185706	1896,299944	0,597426	
1031,999969	69,124945	1902,749944	0,551471	
1038,449969	68,859649	1909,199944	0,563459	
1044,899969	68,836112	1915,649943	0,537484	
1051,349969	70,248179	1922,099943	0,519501	
1057,799969	71,294396	1928,549943	0,555467	
1064,249969	71,138215	1934,999943	0,515505	
1070,699968	71,471974	1941,449943	0,525496	
1077,149968	73,149336	1947,899942	0,547474	
1083,599968	73,568679	1954,349942	0,527494	
1090,049968	73,878907	1960,799942	0,559463	
1096,499968	73,992298	1967,249942	0,509511	
1102,949967	73,605052	1973,699942	0,519501	
1109,399967	74,176293	1980,149941	0,531490	
1115,849967	75,879335	1986,599941	0,583440	
1122,299967	77,509629	1993,049941	0,559463	
1128,749967	77,143773	1999,499941	0,541480	
1135,199966	77,225073	2005,949941	0,563459	
1141,649966	76,696617	2012,399940	0,539482	
1148,099966	76,095420	2018,849940	0,577446	
1154,549966	76,444157	2025,299940	0,571451	
1160,999966	78,521608	2031,749940	0,597426	
1167,449965	80,836540	2038,199940	0,543478	
1173,899965	82,184427	2044,649940	0,577446	
1180,349965	82,332049	2051,099939	0,547474	
1186,799965	82,364139	2057,549939	0,527494	
1193,249965	82,321354	2063,999939	0,507513	
1199,699965	81,309369	2070,449939	0,525496	
1206,149964	79,390241	2076,899939	0,549472	
1212,599964	78,930249	2083,349938	0,509511	
1219,049964	79,204111	2089,799938	0,521499	
1225,499964	79,433033	2096,249938	0,549472	
1231,949964	79,895167	2102,699938	0,513507	
1238,399963	80,421481	2109,149938	0,527494	
1244,849963	80,870772	2115,599937	0,569453	
1251,299963	80,958497	2122,049937	0,481538	
1257,749963	81,108261	2128,499937	0,529492	
1264,199963	82,310653	2134,949937	0,527494	
1270,649962	82,314936	2141,399937	0,497522	
1277,099962	82,620882	2147,849936	0,493526	
1283,549962	83,252033	2154,299936	0,477542	
1289,999962	83,523747	2160,749936	0,505515	
1296,449962	83,237056	2167,199936	0,555467	
1302,899961	83,838252	2173,649936	0,533488	
1309,349961	84,976464	2180,099936	0,513507	
1315,799961	86,320067	2186,549935	0,509511	
1322,249961	88,307658	2192,999935	0,515505	
1328,699961	89,758234	2199,449935	0,523497	
1335,149961	91,007701	2205,899935	0,461557	
1341,599960	90,579806	2212,349935	0,493526	
1348,049960	89,428758	2218,799934	0,521499	
1354,499960	88,943087	2225,249934	0,527494	
1360,949960	87,772784	2231,699934	0,517503	
1367,399960	87,719298	2238,149934	0,539482	
1373,849959	88,701328	2244,599934	0,525496	
1380,299959	90,646128	2251,049933	0,491528	
1386,749959	91,514761	2257,499933	0,561461	
1393,199959	91,230212	2263,949933	0,559463	
1399,649959	90,166882	2270,399933	0,515505	
1406,099958	90,676083	2276,849933	0,505515	
1412,549958	91,347885	2283,299932	0,569453	
1418,999958	92,826274	2289,749932	0,523497	
1425,449958	92,443306	2296,199932	0,493526	
1431,899958	92,663675	2302,649932	0,541480	
1438,349957	92,993151	2309,099932	0,529492	
1444,799957	94,308940	2315,549932	0,535486	
1451,249957	94,242618	2321,999931	0,527494	
1457,699957	94,142064	2328,449931	0,493526	
1464,149957	94,300387	2334,899931	0,521499	
1470,599957	95,068466	2341,349931	0,517503	
1477,049956	95,004279	2347,799931	0,501519	
1483,499956	94,321783	2354,249930	0,521499	
1489,949956	94,948651	2360,699930	0,539482	
1496,399956	95,941376	2367,149930	0,549472	
1502,849956	95,329485	2373,599930	0,537484	
1509,299955	94,510055	2380,049930	0,485534	
1515,749955	94,803164	2386,499929	0,485534	
1522,199955	95,534877	2392,949929	0,527494	
1528,649955	95,761657	2399,399929	0,497522	
1535,099955	96,463414	2405,849929	0,525496	
1541,549954	96,497646	2412,299929	0,533488	
1547,999954	96,093282	2418,749928	0,553469	
1554,449954	96,266583	2425,199928	0,515505	
1560,899954	96,679507	2431,649928	0,519501	
1567,349954	96,202395	2438,099928	0,517503	
1573,799953	96,148909	2444,549928	0,497522	
1580,249953	96,756524	2450,999928	0,515505	
1586,699953	97,706463	2457,449927	0,579444	
1593,149953	97,158753	2463,899927	0,503517	
1599,599953	97,381257	2470,349927	0,527494	
1606,049953	97,207956	2476,799927	0,509511	
1612,499952	98,273428	2483,249927	0,521499	
1618,949952	98,485237	2489,699926	0,539482	
1625,399952	99,345318	2496,149926	0,517503	
1631,849952	100,162600	2502,599926	0,493526	
1638,299952	98,992298	2509,049926	0,477542	
1644,749951	99,097135	2515,499926	0,475543	
1651,199951	98,395378	2521,949925	0,501519	
1657,649951	98,925975	2528,399925	0,495524	
1664,099951	98,874624	2534,849925	0,473545	
1670,549951	99,713309	2541,299925	0,453565	
1676,999950	99,405222	2547,749925	0,503517	
1683,449950	100,738124	2554,199924	0,483536	
1689,899950	100,459992	2560,649924	0,453565	
1696,349950	100,402223	2567,099924	0,431586	
1702,799950	99,080015	2573,549924	0,489530	
1709,249949	99,602053	2579,999924	0,461557	
1715,699949	98,487379	2586,449924	0,443574	
1722,149949	99,101411	2592,899923	0,495524	
1728,599949	99,197689	2599,349923	0,453565	
1735,049949	98,872489	2605,799923	0,489530	
1741,499949	99,364572	2612,249923	0,451567	
1747,949948	99,638427	2618,699923	0,435582	
1754,399948	100,156182	2625,149922	0,441576	
1760,849948	99,174158	2631,599922	0,399616	
1767,299948	98,699188	2638,049922	0,391624	
1773,749948	98,765510	2644,499922	0,367647	
1780,199947	98,718442			
1786,649947	97,976035			
1793,099947	97,948222			
1799,549947	97,342749			
1805,999947	97,374839			
1812,449946	97,280703			
1818,899946	97,588790			
1825,349946	97,406929			
1831,799946	96,857084			
1838,249946	96,957638			
1844,699945	97,227217			
1851,149945	96,835689			
1857,599945	96,919130			
1864,049945	96,362860			
1870,499945	96,891316			
1876,949944	96,972616			
1883,399944	96,989729			
1889,849944	97,092424			
1896,299944	97,233635			
1902,749944	97,319211			
1909,199944	97,231493			
1915,649943	97,441161			
1922,099943	97,368421			
1928,549943	96,548997			
1934,999943	96,450578			
1941,449943	96,459138			
1947,899942	96,914847			
1954,349942	96,187418			
1960,799942	95,868636			
1967,249942	95,397949			
1973,699942	95,541295			
1980,149941	96,035512			
1986,599941	96,574670			
1993,049941	96,311509			
1999,499941	95,875054			
2005,949941	94,908002			
2012,399940	94,135646			
2018,849940	93,943091			
2025,299940	93,359007			
2031,749940	92,783483			
2038,199940	92,719296			
2044,649940	91,810012			
2051,099939	91,504067			
2057,549939	91,548993			
2063,999939	91,016261			
2070,449939	90,718868			
2076,899939	90,541291			
2083,349938	91,148912			
2089,799938	91,439880			
2096,249938	91,110397			
2102,699938	91,258026			
2109,149938	90,547709			
2115,599937	90,034231			
2122,049937	89,165597			
2128,499937	89,377407			
2134,949937	89,199829			
2141,399937	88,759091			
2147,849936	88,436026			
2154,299936	88,483101			
2160,749936	88,673515			
2167,199936	88,189985			
2173,649936	87,430465			
2180,099936	87,038937			
2186,549935	86,632437			
2192,999935	86,300813			
2199,449935	86,215230			
2205,899935	85,761663			
2212,349935	85,365851			
2218,799934	84,383827			
2225,249934	83,697048			
2231,699934	83,376125			
2238,149934	83,198547			
2244,599934	82,798459			
2251,049933	82,881901			
2257,499933	82,777063			
2263,949933	81,987588			
2270,399933	81,159605			
2276,849933	80,421481			
2283,299932	79,764657			
2289,749932	79,676939			
2296,199932	79,276851			
2302,649932	79,529311			
2309,099932	79,293964			
2315,549932	78,613609			
2321,999931	78,145057			
2328,449931	77,152333			
2334,899931	76,266580			
2341,349931	76,069748			
2347,799931	76,009844			
2354,249930	75,310229			
2360,699930	75,047068			
2367,149930	74,259735			
2373,599930	73,806160			
2380,049930	73,528029			
2386,499929	73,089432			
2392,949929	72,933251			
2399,399929	72,864787			
2405,849929	72,864787			
2412,299929	72,165171			
2418,749928	71,180999			
2425,199928	70,233208			
2431,649928	69,638423			
2438,099928	69,291828			
2444,549928	68,639280			
2450,999928	68,951650			
2457,449927	69,152758			
2463,899927	69,392382			
2470,349927	69,152758			
2476,799927	68,029524			
2483,249927	67,205817			
2489,699926	66,692339			
2496,149926	65,693196			
2502,599926	65,269577			
2509,049926	64,895161			
2515,499926	64,341033			
2521,949925	64,381683			
2528,399925	64,676934			
2534,849925	63,752673			
2541,299925	62,644416			
2547,749925	61,673087			
2554,199924	61,317926			
2560,649924	60,477106			
2567,099924	60,348738			
2573,549924	59,379544			
2579,999924	58,600770			
2586,449924	58,780489			
2592,899923	59,103554			
2599,349923	58,596494			
2605,799923	58,145055			
2612,249923	57,646554			
2618,699923	56,910572			
2625,149922	56,144627			
2631,599922	55,622593			
2638,049922	54,777493			
2644,499922	54,259735			
2650,949922	54,052202			
2657,399921	53,759093			
2663,849921	53,185707			
2670,299921	52,704323			
2676,749921	52,344888			
2683,199921	51,724434			
2689,649920	51,294394			
2696,099920	51,208814			
2702,549920	50,624734			
2708,999920	50,419342			
2715,449920	49,540008			
2721,899920	48,940950			
2728,349919	48,483099			
2734,799919	47,862645			
2741,249919	47,096704			
2747,699919	46,675224			
2754,149919	46,118957			
2760,599918	45,611897			
2767,049918	45,325202			
2773,499918	45,329482			
2779,949918	44,644844			
2786,399918	43,833974			
2792,849917	43,671374			
2799,299917	43,611466			
2805,749917	43,025248			
2812,199917	42,432604			
2818,649917	42,143775			
2825,099916	41,726574			
2831,549916	41,270862			
2837,999916	40,513480			
2844,449916	40,074884			
2850,899916	39,580660			
2857,349916	39,037226			
2863,799915	38,641421			
2870,249915	38,388962			
2876,699915	38,085151			
2883,149915	37,608043			
2889,599915	37,342747			
2896,049914	36,908431			
2902,499914	36,482670			
2908,949914	36,337183			
2915,399914	35,900728			
2921,849914	35,509200			
2928,299913	34,989303			
2934,749913	34,308942			
2941,199913	34,116387			
2947,649913	33,613607			
2954,099913	33,127942			
2960,549912	32,792041			
2966,999912	32,496790			
2973,449912	31,904150			
2979,899912	31,309372			
2986,349912	30,864358			
2992,799911	30,472829			
2999,249911	30,149764			
3005,699911	29,895163			
3012,149911	29,597774			
3018,599911	29,347453			
3025,049911	28,825419			
3031,499910	28,480958			
3037,949910	28,038083			
3044,399910	27,753530			
3050,849910	27,439024			
3057,299910	27,276422			
3063,749909	26,523321			
3070,199909	26,268720			
3076,649909	25,952075			
3083,099909	25,526316			
3089,549909	25,004280			
3095,999908	24,627727			
3102,449908	24,172015			
3108,899908	24,114249			
3115,349908	23,761232			
3121,799908	23,470261			
3128,249907	22,877621			
3134,699907	22,783484			
3141,149907	22,441165			
3147,599907	21,968336			
3154,049907	21,566110			
3160,499907	21,236629			
3166,949906	21,095421			
3173,399906	21,054771			
3179,849906	20,502781			
3186,299906	20,145485			
3192,749906	19,572101			
3199,199905	19,422337			
3205,649905	19,077878			
3212,099905	18,883183			
3218,549905	18,647840			
3224,999905	18,423193			
3231,449904	18,149337			
3237,899904	17,922550			
3244,349904	17,548139			
3250,799904	17,325631			
3257,249904	16,788618			
3263,699903	16,566111			
3270,149903	16,384254			
3276,599903	16,204536			
3283,049903	15,763800			
3289,499903	15,466411			
3295,949903	15,089858			
3302,399902	14,935815			
3308,849902	14,465126			
3315,299902	14,336757			
3321,749902	14,088575			
3328,199902	13,898160			
3334,649901	13,470261			
3341,099901	13,303380			
3347,549901	12,973898			
3353,999901	12,909714			
3360,449901	12,766367			
3366,899900	12,623021			
3373,349900	12,295679			
3379,799900	12,314934			
3386,249900	12,058194			
3392,699900	12,034660			
3399,149899	11,720154			
3405,599899	11,519041			
3412,049899	11,208814			
3418,499899	10,960633			
3424,949899	10,688917			
3431,399899	10,560548			
3437,849898	10,237484			
3444,299898	10,100556			
3450,749898	9,711169			
3457,199898	9,700471			
3463,649898	9,396663			
3470,099897	9,445871			
3476,549897	9,122807			
3482,999897	8,988019			
3489,449897	8,641420			
3495,899897	8,568678			
3502,349896	8,442448			
